free_thresh: 0.196
image: couloir.pgm
negate: 0
occupied_thresh: 0.65
origin: [-6.1499999999999915, -12.099999999999994, 0.0]
resolution: 0.05
